6.58245 2.65978 0.206813
6.55242 2.66962 0.206813
6.52295 2.67945 0.206813
6.42023 2.64995 0.211737
6.38072 2.65978 0.211737
6.45039 2.66962 0.211737
6.42142 2.67945 0.211737
6.39299 2.68928 0.211737
6.46568 2.69911 0.211737
6.43789 2.70895 0.211737
6.41069 2.71878 0.211737
6.38407 2.72861 0.211737
6.25926 2.64012 0.216662
6.32358 2.64995 0.216662
6.28473 2.65978 0.216662
6.25618 2.66962 0.216662
6.32321 2.67945 0.216662
6.29526 2.68928 0.216662
6.26785 2.69911 0.216662
6.241 2.70895 0.216662
6.31106 2.71878 0.216662
6.33822 2.72861 0.216662
3.84845 -0.909538 0.221586
3.87636 -0.899705 0.221586
6.16507 2.62045 0.221586
6.13567 2.63028 0.221586
6.16813 2.64012 0.221586
6.13935 2.64995 0.221586
6.10173 2.65978 0.221586
6.1637 2.66962 0.221586
6.13613 2.67945 0.221586
6.10909 2.68928 0.221586
6.17372 2.69911 0.221586
6.1473 2.70895 0.221586
6.20864 2.71878 0.221586
6.34301 2.72861 0.221586
3.76689 -0.939036 0.22651
3.79371 -0.929203 0.22651
3.77216 -0.919371 0.22651
3.79933 -0.909538 0.22651
3.77868 -0.899705 0.22651
3.80615 -0.889872 0.22651
3.78632 -0.880039 0.22651
3.76731 -0.870206 0.22651
6.17417 2.62045 0.22651
6.1402 2.63028 0.22651
6.11129 2.64012 0.22651
6.07828 2.64995 0.22651
6.04109 2.65978 0.22651
6.01378 2.66962 0.22651
6.04698 2.67945 0.22651
6.02037 2.68928 0.22651
5.99428 2.69911 0.22651
6.08166 2.70895 0.22651
6.21343 2.71878 0.22651
6.35282 2.72861 0.22651
3.68875 -0.968535 0.231434
3.7144 -0.958702 0.231434
3.69285 -0.948869 0.231434
3.71892 -0.939036 0.231434
3.69832 -0.929203 0.231434
3.72476 -0.919371 0.231434
3.70504 -0.909538 0.231434
3.68616 -0.899705 0.231434
3.71289 -0.889872 0.231434
3.69478 -0.880039 0.231434
3.72178 -0.870206 0.231434
3.71115 -0.860374 0.231434
6.17881 2.62045 0.231434
6.14947 2.63028 0.231434
6.11592 2.64012 0.231434
6.0875 2.64995 0.231434
6.05037 2.65978 0.231434
6.01841 2.66962 0.231434
5.99161 2.67945 0.231434
5.96533 2.68928 0.231434
5.96616 2.69911 0.231434
6.09117 2.70895 0.231434
6.22323 2.71878 0.231434
6.35783 2.72861 0.231434
3.6264 -0.998033 0.236358
3.64483 -0.988201 0.236358
3.62317 -0.978368 0.236358
3.64188 -0.968535 0.236358
3.62123 -0.958702 0.236358
3.64655 -0.948869 0.236358
3.62684 -0.939036 0.236358
3.65255 -0.929203 0.236358
3.6337 -0.919371 0.236358
3.61567 -0.909538 0.236358
3.64172 -0.899705 0.236358
3.62444 -0.889872 0.236358
3.65078 -0.880039 0.236358
3.6342 -0.870206 0.236358
3.62492 -0.860374 0.236358
3.60968 -0.850541 0.236358
6.18829 2.62045 0.236358
6.1542 2.63028 0.236358
6.12536 2.64012 0.236358
6.09221 2.64995 0.236358
6.05511 2.65978 0.236358
6.02786 2.66962 0.236358
5.99633 2.67945 0.236358
5.97007 2.68928 0.236358
5.97566 2.69911 0.236358
6.09602 2.70895 0.236358
6.22823 2.71878 0.236358
6.36808 2.72861 0.236358
3.59756 -1.00787 0.241282
3.58042 -0.998033 0.241282
3.5536 -0.988201 0.241282
3.57784 -0.978368 0.241282
3.55192 -0.968535 0.241282
3.57652 -0.958702 0.241282
3.55763 -0.948869 0.241282
3.53958 -0.939036 0.241282
3.5646 -0.929203 0.241282
3.54736 -0.919371 0.241282
3.57272 -0.909538 0.241282
3.55623 -0.899705 0.241282
3.54045 -0.889872 0.241282
3.56611 -0.880039 0.241282
3.55097 -0.870206 0.241282
3.54293 -0.860374 0.241282
3.56886 -0.850541 0.241282
3.56143 -0.840708 0.241282
3.54806 -0.830875 0.241282
3.54173 -0.821042 0.241282
6.19313 2.62045 0.241282
6.16386 2.63028 0.241282
6.13018 2.64012 0.241282
6.10183 2.64995 0.241282
6.06479 2.65978 0.241282
6.03269 2.66962 0.241282
6.00596 2.67945 0.241282
5.97974 2.68928 0.241282
5.98051 2.69911 0.241282
6.10594 2.70895 0.241282
6.23845 2.71878 0.241282
6.37331 2.72861 0.241282
3.60314 -1.00787 0.246206
3.53957 -0.998033 0.246206
3.49684 -0.988201 0.246206
3.49079 -0.978368 0.246206
3.46668 -0.968535 0.246206
3.49061 -0.958702 0.246206
3.4733 -0.948869 0.246206
3.49764 -0.939036 0.246206
3.48113 -0.929203 0.246206
3.50584 -0.919371 0.246206
3.49007 -0.909538 0.246206
3.47501 -0.899705 0.246206
3.50003 -0.889872 0.246206
3.4856 -0.880039 0.246206
3.4718 -0.870206 0.246206
3.50343 -0.860374 0.246206
3.49017 -0.850541 0.246206
3.48383 -0.840708 0.246206
3.47663 -0.830875 0.246206
3.50861 -0.821042 0.246206
6.20299 2.62045 0.246206
6.16878 2.63028 0.246206
6.14 2.64012 0.246206
6.10673 2.64995 0.246206
6.06972 2.65978 0.246206
6.04254 2.66962 0.246206
6.01087 2.67945 0.246206
5.98467 2.68928 0.246206
5.9904 2.69911 0.246206
6.111 2.70895 0.246206
6.24367 2.71878 0.246206
6.38399 2.72861 0.246206
3.60599 -1.00787 0.25113
3.54512 -0.998033 0.25113
3.49957 -0.988201 0.25113
3.44432 -0.978368 0.25113
3.42571 -0.968535 0.25113
3.40909 -0.958702 0.25113
3.43275 -0.948869 0.25113
3.41694 -0.939036 0.25113
3.44098 -0.929203 0.25113
3.4259 -0.919371 0.25113
3.4115 -0.909538 0.25113
3.43589 -0.899705 0.25113
3.42213 -0.889872 0.25113
3.40897 -0.880039 0.25113
3.43364 -0.870206 0.25113
3.42724 -0.860374 0.25113
3.42007 -0.850541 0.25113
3.45375 -0.840708 0.25113
3.47903 -0.830875 0.25113
3.51338 -0.821042 0.25113
6.20801 2.62045 0.25113
6.17881 2.63028 0.25113
6.14501 2.64012 0.25113
6.11673 2.64995 0.25113
6.07978 2.65978 0.25113
6.04756 2.66962 0.25113
6.02089 2.67945 0.25113
5.99474 2.68928 0.25113
5.99545 2.69911 0.25113
6.12133 2.70895 0.25113
6.25431 2.71878 0.25113
6.38943 2.72861 0.25113
3.61178 -1.00787 0.256055
3.54795 -0.998033 0.256055
3.50512 -0.988201 0.256055
3.44703 -0.978368 0.256055
3.40812 -0.968535 0.256055
3.36988 -0.958702 0.256055
3.3547 -0.948869 0.256055
3.34022 -0.939036 0.256055
3.36365 -0.929203 0.256055
3.34987 -0.919371 0.256055
3.37365 -0.909538 0.256055
3.3605 -0.899705 0.256055
3.34794 -0.889872 0.256055
3.37203 -0.880039 0.256055
3.36483 -0.870206 0.256055
3.3978 -0.860374 0.256055
3.42496 -0.850541 0.256055
3.45618 -0.840708 0.256055
3.48389 -0.830875 0.256055
3.51825 -0.821042 0.256055
6.21825 2.62045 0.256055
6.18393 2.63028 0.256055
6.15522 2.64012 0.256055
6.12699 2.64995 0.256055
6.08491 2.65978 0.256055
6.05779 2.66962 0.256055
6.026 2.67945 0.256055
5.99987 2.68928 0.256055
6.00574 2.69911 0.256055
6.1266 2.70895 0.256055
6.25973 2.71878 0.256055
6.40055 2.72861 0.256055
3.61473 -1.00787 0.260979
3.5537 -0.998033 0.260979
3.50795 -0.988201 0.260979
3.45254 -0.978368 0.260979
3.41083 -0.968535 0.260979
3.36037 -0.958702 0.260979
3.31245 -0.948869 0.260979
3.30327 -0.939036 0.260979
3.29005 -0.929203 0.260979
3.31323 -0.919371 0.260979
3.30065 -0.909538 0.260979
3.29336 -0.899705 0.260979
3.3169 -0.889872 0.260979
3.34322 -0.880039 0.260979
3.3698 -0.870206 0.260979
3.40278 -0.860374 0.260979
3.42745 -0.850541 0.260979
3.46114 -0.840708 0.260979
3.48886 -0.830875 0.260979
3.52322 -0.821042 0.260979
6.22347 2.62045 0.260979
6.19434 2.63028 0.260979
6.16042 2.64012 0.260979
6.13221 2.64995 0.260979
6.09535 2.65978 0.260979
6.06301 2.66962 0.260979
6.03641 2.67945 0.260979
6.01032 2.68928 0.260979
6.01099 2.69911 0.260979
6.13733 2.70895 0.260979
6.26523 2.71878 0.260979
6.40621 2.72861 0.260979
3.62073 -1.00787 0.265903
3.55663 -0.998033 0.265903
3.5137 -0.988201 0.265903
3.45819 -0.978368 0.265903
3.41635 -0.968535 0.265903
3.36579 -0.958702 0.265903
3.31509 -0.948869 0.265903
3.2695 -0.939036 0.265903
3.22611 -0.929203 0.265903
3.24717 -0.919371 0.265903
3.27266 -0.909538 0.265903
3.29844 -0.899705 0.265903
3.32195 -0.889872 0.265903
3.34828 -0.880039 0.265903
3.37488 -0.870206 0.265903
3.40531 -0.860374 0.265903
3.4325 -0.850541 0.265903
3.46619 -0.840708 0.265903
3.49393 -0.830875 0.265903
3.5283 -0.821042 0.265903
6.23408 2.62045 0.265903
6.19964 2.63028 0.265903
6.17101 2.64012 0.265903
6.14285 2.64995 0.265903
6.10067 2.65978 0.265903
6.07363 2.66962 0.265903
6.04171 2.67945 0.265903
6.01564 2.68928 0.265903
6.02168 2.69911 0.265903
6.1428 2.70895 0.265903
6.27642 2.71878 0.265903
6.41775 2.72861 0.265903
3.62687 -1.00787 0.270827
3.56258 -0.998033 0.270827
3.51958 -0.988201 0.270827
3.46105 -0.978368 0.270827
3.42199 -0.968535 0.270827
3.36854 -0.958702 0.270827
3.32047 -0.948869 0.270827
3.27478 -0.939036 0.270827
3.2287 -0.929203 0.270827
3.25233 -0.919371 0.270827
3.27784 -0.909538 0.270827
3.30103 -0.899705 0.270827
3.3271 -0.889872 0.270827
3.35345 -0.880039 0.270827
3.37746 -0.870206 0.270827
3.41045 -0.860374 0.270827
3.43765 -0.850541 0.270827
3.47135 -0.840708 0.270827
3.4991 -0.830875 0.270827
3.53347 -0.821042 0.270827
6.23948 2.62045 0.270827
6.21043 2.63028 0.270827
6.18184 2.64012 0.270827
6.14826 2.64995 0.270827
6.1115 2.65978 0.270827
6.07903 2.66962 0.270827
6.05251 2.67945 0.270827
6.02649 2.68928 0.270827
6.02711 2.69911 0.270827
6.15393 2.70895 0.270827
6.28212 2.71878 0.270827
6.42363 2.72861 0.270827
3.62999 -1.00787 0.275751
3.56866 -0.998033 0.275751
3.52257 -0.988201 0.275751
3.46688 -0.978368 0.275751
3.42486 -0.968535 0.275751
3.37414 -0.958702 0.275751
3.32597 -0.948869 0.275751
3.27747 -0.939036 0.275751
3.23395 -0.929203 0.275751
3.25759 -0.919371 0.275751
3.28046 -0.909538 0.275751
3.30627 -0.899705 0.275751
3.33236 -0.889872 0.275751
3.35607 -0.880039 0.275751
3.3827 -0.870206 0.275751
3.41569 -0.860374 0.275751
3.4429 -0.850541 0.275751
3.4766 -0.840708 0.275751
3.50437 -0.830875 0.275751
3.53609 -0.821042 0.275751
6.25046 2.62045 0.275751
6.22146 2.63028 0.275751
6.18735 2.64012 0.275751
6.15927 2.64995 0.275751
6.11701 2.65978 0.275751
6.09003 2.66962 0.275751
6.058 2.67945 0.275751
6.032 2.68928 0.275751
6.03819 2.69911 0.275751
6.1596 2.70895 0.275751
6.29373 2.71878 0.275751
6.43559 2.72861 0.275751
3.63633 -1.00787 0.280675
3.57175 -0.998033 0.280675
3.52864 -0.988201 0.280675
3.46985 -0.978368 0.280675
3.43068 -0.968535 0.280675
3.37985 -0.958702 0.280675
3.32876 -0.948869 0.280675
3.28292 -0.939036 0.280675
3.2393 -0.929203 0.280675
3.26026 -0.919371 0.280675
3.28579 -0.909538 0.280675
3.31162 -0.899705 0.280675
3.33502 -0.889872 0.280675
3.3614 -0.880039 0.280675
3.38804 -0.870206 0.280675
3.42104 -0.860374 0.280675
3.44826 -0.850541 0.280675
3.48196 -0.840708 0.280675
3.50704 -0.830875 0.280675
3.54142 -0.821042 0.280675
6.26169 2.62045 0.280675
6.22707 2.63028 0.280675
6.19857 2.64012 0.280675
6.16487 2.64995 0.280675
6.12821 2.65978 0.280675
6.09563 2.66962 0.280675
6.06917 2.67945 0.280675
6.04323 2.68928 0.280675
6.04382 2.69911 0.280675
6.17113 2.70895 0.280675
6.29964 2.71878 0.280675
6.44168 2.72861 0.280675
3.63956 -1.00787 0.285599
3.57803 -0.998033 0.285599
3.53485 -0.988201 0.285599
3.47586 -0.978368 0.285599
3.43663 -0.968535 0.285599
3.38276 -0.958702 0.285599
3.33443 -0.948869 0.285599
3.28848 -0.939036 0.285599
3.24202 -0.929203 0.285599
3.26569 -0.919371 0.285599
3.29123 -0.909538 0.285599
3.31433 -0.899705 0.285599
3.34044 -0.889872 0.285599
3.36683 -0.880039 0.285599
3.39348 -0.870206 0.285599
3.42648 -0.860374 0.285599
3.45372 -0.850541 0.285599
3.48468 -0.840708 0.285599
3.51246 -0.830875 0.285599
3.54684 -0.821042 0.285599
6.2674 2.62045 0.285599
6.23848 2.63028 0.285599
6.20426 2.64012 0.285599
6.17626 2.64995 0.285599
6.13391 2.65978 0.285599
6.10701 2.66962 0.285599
6.07486 2.67945 0.285599
6.04893 2.68928 0.285599
6.05528 2.69911 0.285599
6.177 2.70895 0.285599
6.31166 2.71878 0.285599
6.45407 2.72861 0.285599
3.6461 -1.00787 0.290523
3.58444 -0.998033 0.290523
3.53799 -0.988201 0.290523
3.48201 -0.978368 0.290523
3.43965 -0.968535 0.290523
3.38865 -0.958702 0.290523
3.34021 -0.948869 0.290523
3.29131 -0.939036 0.290523
3.24754 -0.929203 0.290523
3.27122 -0.919371 0.290523
3.29399 -0.909538 0.290523
3.31984 -0.899705 0.290523
3.34596 -0.889872 0.290523
3.37236 -0.880039 0.290523
3.39903 -0.870206 0.290523
3.42924 -0.860374 0.290523
3.45648 -0.850541 0.290523
3.49019 -0.840708 0.290523
3.51798 -0.830875 0.290523
3.55236 -0.821042 0.290523
6.279 2.62045 0.290523
6.24427 2.63028 0.290523
6.21585 2.64012 0.290523
6.18204 2.64995 0.290523
6.14549 2.65978 0.290523
6.11279 2.66962 0.290523
6.08641 2.67945 0.290523
6.06054 2.68928 0.290523
6.06111 2.69911 0.290523
6.18893 2.70895 0.290523
6.31777 2.71878 0.290523
6.46037 2.72861 0.290523
3.65278 -1.00787 0.295448
3.58769 -0.998033 0.295448
3.54439 -0.988201 0.295448
3.48512 -0.978368 0.295448
3.44577 -0.968535 0.295448
3.39465 -0.958702 0.295448
3.34314 -0.948869 0.295448
3.29703 -0.939036 0.295448
3.25316 -0.929203 0.295448
3.27402 -0.919371 0.295448
3.29959 -0.909538 0.295448
3.32545 -0.899705 0.295448
3.35158 -0.889872 0.295448
3.378 -0.880039 0.295448
3.40184 -0.870206 0.295448
3.43484 -0.860374 0.295448
3.46209 -0.850541 0.295448
3.4958 -0.840708 0.295448
3.5236 -0.830875 0.295448
3.55797 -0.821042 0.295448
6.28489 2.62045 0.295448
6.25605 2.63028 0.295448
6.22173 2.64012 0.295448
6.1938 2.64995 0.295448
6.15137 2.65978 0.295448
6.12455 2.66962 0.295448
6.09822 2.67945 0.295448
6.06643 2.68928 0.295448
6.07295 2.69911 0.295448
6.19499 2.70895 0.295448
6.33019 2.71878 0.295448
3.65617 -1.00787 0.300372
3.5943 -0.998033 0.300372
3.54763 -0.988201 0.300372
3.49145 -0.978368 0.300372
3.45202 -0.968535 0.300372
3.3977 -0.958702 0.300372
3.34909 -0.948869 0.300372
3.30287 -0.939036 0.300372
3.25602 -0.929203 0.300372
3.27971 -0.919371 0.300372
3.30529 -0.909538 0.300372
3.33116 -0.899705 0.300372
3.35731 -0.889872 0.300372
3.38085 -0.880039 0.300372
3.40754 -0.870206 0.300372
3.44054 -0.860374 0.300372
3.4678 -0.850541 0.300372
3.5015 -0.840708 0.300372
3.52932 -0.830875 0.300372
3.56369 -0.821042 0.300372
6.26203 2.63028 0.300372
6.23368 2.64012 0.300372
6.19977 2.64995 0.300372
6.16332 2.65978 0.300372
6.13655 2.66962 0.300372
6.10422 2.67945 0.300372
6.07842 2.68928 0.300372
6.07897 2.69911 0.300372
6.20732 2.70895 0.300372
3.66305 -1.00787 0.305296
3.59765 -0.998033 0.305296
3.55421 -0.988201 0.305296
3.49789 -0.978368 0.305296
3.45519 -0.968535 0.305296
3.40388 -0.958702 0.305296
3.35515 -0.948869 0.305296
3.30583 -0.939036 0.305296
3.2618 -0.929203 0.305296
3.28551 -0.919371 0.305296
3.3111 -0.909538 0.305296
3.33698 -0.899705 0.305296
3.36021 -0.889872 0.305296
3.38664 -0.880039 0.305296
3.41334 -0.870206 0.305296
3.44634 -0.860374 0.305296
3.47361 -0.850541 0.305296
3.50731 -0.840708 0.305296
3.53513 -0.830875 0.305296
3.5695 -0.821042 0.305296
6.14264 2.66962 0.305296
6.11639 2.67945 0.305296
6.0845 2.68928 0.305296
6.09119 2.69911 0.305296
3.67006 -1.00787 0.31022
3.60445 -0.998033 0.31022
3.56092 -0.988201 0.31022
3.50116 -0.978368 0.31022
3.46161 -0.968535 0.31022
3.41018 -0.958702 0.31022
3.35823 -0.948869 0.31022
3.31184 -0.939036 0.31022
3.26769 -0.929203 0.31022
3.29141 -0.919371 0.31022
3.31404 -0.909538 0.31022
3.33993 -0.899705 0.31022
3.3661 -0.889872 0.31022
3.39253 -0.880039 0.31022
3.41924 -0.870206 0.31022
3.45224 -0.860374 0.31022
3.47952 -0.850541 0.31022
3.51322 -0.840708 0.31022
3.54104 -0.830875 0.31022
3.57541 -0.821042 0.31022
3.67361 -1.00787 0.315144
3.61137 -0.998033 0.315144
3.56432 -0.988201 0.315144
3.50779 -0.978368 0.315144
3.46815 -0.968535 0.315144
3.41337 -0.958702 0.315144
3.36446 -0.948869 0.315144
3.31795 -0.939036 0.315144
3.27369 -0.929203 0.315144
3.2944 -0.919371 0.315144
3.32001 -0.909538 0.315144
3.3459 -0.899705 0.315144
3.37208 -0.889872 0.315144
3.39853 -0.880039 0.315144
3.42524 -0.870206 0.315144
3.45824 -0.860374 0.315144
3.48552 -0.850541 0.315144
3.51922 -0.840708 0.315144
3.54705 -0.830875 0.315144
3.58141 -0.821042 0.315144
3.68082 -1.00787 0.320068
3.61488 -0.998033 0.320068
3.57121 -0.988201 0.320068
3.51454 -0.978368 0.320068
3.47147 -0.968535 0.320068
3.41984 -0.958702 0.320068
3.3708 -0.948869 0.320068
3.32417 -0.939036 0.320068
3.27672 -0.929203 0.320068
3.30045 -0.919371 0.320068
3.32607 -0.909538 0.320068
3.35198 -0.899705 0.320068
3.37816 -0.889872 0.320068
3.40462 -0.880039 0.320068
3.43134 -0.870206 0.320068
3.46127 -0.860374 0.320068
3.48856 -0.850541 0.320068
3.52226 -0.840708 0.320068
3.55009 -0.830875 0.320068
3.58445 -0.821042 0.320068
3.68448 -1.00787 0.324992
3.622 -0.998033 0.324992
3.57823 -0.988201 0.324992
3.51796 -0.978368 0.324992
3.47819 -0.968535 0.324992
3.42643 -0.958702 0.324992
3.37725 -0.948869 0.324992
3.32732 -0.939036 0.324992
3.28288 -0.929203 0.324992
3.30661 -0.919371 0.324992
3.33224 -0.909538 0.324992
3.35816 -0.899705 0.324992
3.38435 -0.889872 0.324992
3.4077 -0.880039 0.324992
3.43443 -0.870206 0.324992
3.46742 -0.860374 0.324992
3.49471 -0.850541 0.324992
3.5284 -0.840708 0.324992
3.55624 -0.830875 0.324992
3.59059 -0.821042 0.324992
3.69188 -1.00787 0.329916
3.62924 -0.998033 0.329916
3.58178 -0.988201 0.329916
3.52489 -0.978368 0.329916
3.48503 -0.968535 0.329916
3.43312 -0.958702 0.329916
3.38052 -0.948869 0.329916
3.3337 -0.939036 0.329916
3.28913 -0.929203 0.329916
3.31287 -0.919371 0.329916
3.33851 -0.909538 0.329916
3.36128 -0.899705 0.329916
3.38748 -0.889872 0.329916
3.41395 -0.880039 0.329916
3.44068 -0.870206 0.329916
3.47366 -0.860374 0.329916
3.50096 -0.850541 0.329916
3.53465 -0.840708 0.329916
3.56249 -0.830875 0.329916
3.59683 -0.821042 0.329916
3.69941 -1.00787 0.334841
3.63291 -0.998033 0.334841
3.58898 -0.988201 0.334841
3.53194 -0.978368 0.334841
3.49198 -0.968535 0.334841
3.43651 -0.958702 0.334841
3.38714 -0.948869 0.334841
3.34018 -0.939036 0.334841
3.29549 -0.929203 0.334841
3.31924 -0.919371 0.334841
3.34169 -0.909538 0.334841
3.36761 -0.899705 0.334841
3.39382 -0.889872 0.334841
3.42029 -0.880039 0.334841
3.44702 -0.870206 0.334841
3.48 -0.860374 0.334841
3.50731 -0.850541 0.334841
3.54099 -0.840708 0.334841
3.56883 -0.830875 0.334841
3.60317 -0.821042 0.334841
3.70323 -1.00787 0.339765
3.64034 -0.998033 0.339765
3.59631 -0.988201 0.339765
3.53911 -0.978368 0.339765
3.4955 -0.968535 0.339765
3.44338 -0.958702 0.339765
3.39386 -0.948869 0.339765
3.34677 -0.939036 0.339765
3.29871 -0.929203 0.339765
3.32246 -0.919371 0.339765
3.34811 -0.909538 0.339765
3.37404 -0.899705 0.339765
3.40025 -0.889872 0.339765
3.42673 -0.880039 0.339765
3.45347 -0.870206 0.339765
3.48644 -0.860374 0.339765
3.51375 -0.850541 0.339765
3.54742 -0.840708 0.339765
3.57527 -0.830875 0.339765
3.6096 -0.821042 0.339765
3.71095 -1.00787 0.344689
3.64789 -0.998033 0.344689
3.60375 -0.988201 0.344689
3.54273 -0.978368 0.344689
3.50262 -0.968535 0.344689
3.45035 -0.958702 0.344689
3.40069 -0.948869 0.344689
3.35011 -0.939036 0.344689
3.30522 -0.929203 0.344689
3.32897 -0.919371 0.344689
3.35463 -0.909538 0.344689
3.38057 -0.899705 0.344689
3.40679 -0.889872 0.344689
3.43327 -0.880039 0.344689
3.46001 -0.870206 0.344689
3.49298 -0.860374 0.344689
3.52029 -0.850541 0.344689
3.55395 -0.840708 0.344689
3.5818 -0.830875 0.344689
3.61612 -0.821042 0.344689
3.7188 -1.00787 0.349613
3.65557 -0.998033 0.349613
3.60752 -0.988201 0.349613
3.55007 -0.978368 0.349613
3.50986 -0.968535 0.349613
3.45744 -0.958702 0.349613
3.40415 -0.948869 0.349613
3.35685 -0.939036 0.349613
3.31183 -0.929203 0.349613
3.33559 -0.919371 0.349613
3.36126 -0.909538 0.349613
3.3872 -0.899705 0.349613
3.41342 -0.889872 0.349613
3.43991 -0.880039 0.349613
3.46665 -0.870206 0.349613
3.49961 -0.860374 0.349613
3.52693 -0.850541 0.349613
3.56058 -0.840708 0.349613
3.58843 -0.830875 0.349613
3.62274 -0.821042 0.349613
3.72678 -1.00787 0.354537
3.65945 -0.998033 0.354537
3.61514 -0.988201 0.354537
3.55753 -0.978368 0.354537
3.51352 -0.968535 0.354537
3.46102 -0.958702 0.354537
3.41114 -0.948869 0.354537
3.36371 -0.939036 0.354537
3.31855 -0.929203 0.354537
3.34231 -0.919371 0.354537
3.36798 -0.909538 0.354537
3.39393 -0.899705 0.354537
3.41677 -0.889872 0.354537
3.44326 -0.880039 0.354537
3.47001 -0.870206 0.354537
3.50634 -0.860374 0.354537
3.53366 -0.850541 0.354537
3.5673 -0.840708 0.354537
3.59515 -0.830875 0.354537
3.62944 -0.821042 0.354537
3.73082 -1.00787 0.359461
3.66731 -0.998033 0.359461
3.62288 -0.988201 0.359461
3.5613 -0.978368 0.359461
3.52093 -0.968535 0.359461
3.46828 -0.958702 0.359461
3.41825 -0.948869 0.359461
3.37066 -0.939036 0.359461
3.32537 -0.929203 0.359461
3.34571 -0.919371 0.359461
3.37138 -0.909538 0.359461
3.39733 -0.899705 0.359461
3.42355 -0.889872 0.359461
3.45004 -0.880039 0.359461
3.47679 -0.870206 0.359461
3.50974 -0.860374 0.359461
3.53706 -0.850541 0.359461
3.57411 -0.840708 0.359461
3.60196 -0.830875 0.359461
3.63624 -0.821042 0.359461
3.73899 -1.00787 0.364385
3.67529 -0.998033 0.364385
3.6268 -0.988201 0.364385
3.56893 -0.978368 0.364385
3.52845 -0.968535 0.364385
3.47564 -0.958702 0.364385
3.42545 -0.948869 0.364385
3.37418 -0.939036 0.364385
3.32881 -0.929203 0.364385
3.35257 -0.919371 0.364385
3.37825 -0.909538 0.364385
3.4042 -0.899705 0.364385
3.43043 -0.889872 0.364385
3.45692 -0.880039 0.364385
3.48367 -0.870206 0.364385
3.51661 -0.860374 0.364385
3.54393 -0.850541 0.364385
3.58101 -0.840708 0.364385
3.60886 -0.830875 0.364385
3.64314 -0.821042 0.364385
3.67932 -0.998033 0.369309
3.63472 -0.988201 0.369309
3.57668 -0.978368 0.369309
3.53608 -0.968535 0.369309
3.4831 -0.958702 0.369309
3.42909 -0.948869 0.369309
3.38129 -0.939036 0.369309
3.33578 -0.929203 0.369309
3.35954 -0.919371 0.369309
3.38522 -0.909538 0.369309
3.41117 -0.899705 0.369309
3.4374 -0.889872 0.369309
3.4639 -0.880039 0.369309
3.49065 -0.870206 0.369309
3.52357 -0.860374 0.369309
3.55089 -0.850541 0.369309
3.5845 -0.840708 0.369309
3.61586 -0.830875 0.369309
3.65012 -0.821042 0.369309
3.68749 -0.998033 0.374234
3.64275 -0.988201 0.374234
3.58454 -0.978368 0.374234
3.54382 -0.968535 0.374234
3.48688 -0.958702 0.374234
3.43646 -0.948869 0.374234
3.3885 -0.939036 0.374234
3.34284 -0.929203 0.374234
3.3666 -0.919371 0.374234
3.39228 -0.909538 0.374234
3.41824 -0.899705 0.374234
3.44447 -0.889872 0.374234
3.47096 -0.880039 0.374234
3.49772 -0.870206 0.374234
3.53063 -0.860374 0.374234
3.55794 -0.850541 0.374234
3.59154 -0.840708 0.374234
3.62295 -0.830875 0.374234
3.65719 -0.821042 0.374234
3.58851 -0.978368 0.379158
3.54773 -0.968535 0.379158
3.49451 -0.958702 0.379158
3.44392 -0.948869 0.379158
3.39581 -0.939036 0.379158
3.35 -0.929203 0.379158
3.37376 -0.919371 0.379158
3.39944 -0.909538 0.379158
3.4254 -0.899705 0.379158
3.45163 -0.889872 0.379158
3.47813 -0.880039 0.379158
3.50488 -0.870206 0.379158
3.53778 -0.860374 0.379158
3.56509 -0.850541 0.379158
3.59868 -0.840708 0.379158
3.63012 -0.830875 0.379158
3.59654 -0.978368 0.384082
3.55564 -0.968535 0.384082
3.50224 -0.958702 0.384082
3.4515 -0.948869 0.384082
3.40322 -0.939036 0.384082
3.35726 -0.929203 0.384082
3.38102 -0.919371 0.384082
3.4067 -0.909538 0.384082
3.43266 -0.899705 0.384082
3.45889 -0.889872 0.384082
3.48538 -0.880039 0.384082
3.51214 -0.870206 0.384082
3.54502 -0.860374 0.384082
3.57233 -0.850541 0.384082
3.6059 -0.840708 0.384082
3.51009 -0.958702 0.389006
3.45917 -0.948869 0.389006
3.41073 -0.939036 0.389006
3.36093 -0.929203 0.389006
3.38468 -0.919371 0.389006
3.41037 -0.909538 0.389006
3.43633 -0.899705 0.389006
3.46624 -0.889872 0.389006
3.49274 -0.880039 0.389006
3.51949 -0.870206 0.389006
3.55235 -0.860374 0.389006
3.46304 -0.948869 0.39393
3.41453 -0.939036 0.39393
3.36833 -0.929203 0.39393
3.39209 -0.919371 0.39393
3.41777 -0.909538 0.39393
3.44373 -0.899705 0.39393
3.46995 -0.889872 0.39393
3.50018 -0.880039 0.39393
3.47087 -0.948869 0.398854
3.42219 -0.939036 0.398854
3.37583 -0.929203 0.398854
3.39958 -0.919371 0.398854
3.42526 -0.909538 0.398854
3.45122 -0.899705 0.398854
3.47745 -0.889872 0.398854
3.42995 -0.939036 0.403778
3.38343 -0.929203 0.403778
3.40717 -0.919371 0.403778
3.43285 -0.909538 0.403778
3.39112 -0.929203 0.408702
9.36783 -2.95477 1.32951
9.36944 -2.94494 1.32951
9.36944 -2.9351 1.32951
9.3712 -2.92527 1.32951
9.3712 2.92527 1.32951
9.36944 2.9351 1.32951
9.36944 2.94494 1.32951
9.36782 2.95477 1.32951
9.35892 -3.14159 1.33444
9.35892 -3.13176 1.33444
9.35906 -3.12193 1.33444
9.35906 -3.11209 1.33444
9.35932 -3.10226 1.33444
9.35973 -3.09243 1.33444
9.35973 -3.0826 1.33444
9.36027 -3.07276 1.33444
9.36027 -3.06293 1.33444
9.36094 -3.0531 1.33444
9.36175 -3.04326 1.33444
9.36175 -3.03343 1.33444
9.3627 -3.0236 1.33444
9.3627 -3.01377 1.33444
9.36378 -3.00393 1.33444
9.35676 -2.9056 1.33444
9.35676 2.9056 1.33444
9.36378 3.00393 1.33444
9.3627 3.01377 1.33444
9.3627 3.0236 1.33444
9.36175 3.03343 1.33444
9.36175 3.04326 1.33444
9.36094 3.0531 1.33444
9.36027 3.06293 1.33444
9.36027 3.07276 1.33444
9.35973 3.0826 1.33444
9.35973 3.09243 1.33444
9.35932 3.10226 1.33444
9.35906 3.11209 1.33444
9.35906 3.12193 1.33444
9.35892 3.13176 1.33444
9.35892 3.14159 1.33444
9.34879 -2.9056 1.33936
9.34879 -2.89577 1.33936
9.34879 2.89577 1.33936
9.34879 2.9056 1.33936
9.34095 -2.89577 1.34429
9.34095 -2.88594 1.34429
9.34095 2.88594 1.34429
9.34095 2.89577 1.34429
9.32565 -2.89577 1.34921
9.32565 -2.88594 1.34921
9.32565 2.88594 1.34921
9.32565 2.89577 1.34921
9.31819 -2.88594 1.35413
9.31819 -2.87611 1.35413
9.31819 2.87611 1.35413
9.31819 2.88594 1.35413
9.31087 -2.87611 1.35906
9.30367 -2.86627 1.35906
9.30367 2.86627 1.35906
9.31087 2.87611 1.35906
9.29661 -2.87611 1.36398
9.29661 -2.86627 1.36398
9.29661 2.86627 1.36398
9.29661 2.87611 1.36398
9.28967 -2.86627 1.36891
9.28967 -2.85644 1.36891
9.28967 2.85644 1.36891
9.28967 2.86627 1.36891
9.28287 -2.85644 1.37383
9.2762 -2.84661 1.37383
9.2762 2.84661 1.37383
9.28287 2.85644 1.37383
9.26966 -2.85644 1.37876
9.26966 -2.84661 1.37876
9.26966 -2.83677 1.37876
9.26966 2.83677 1.37876
9.26966 2.84661 1.37876
9.26966 2.85644 1.37876
8.83886 3.12193 1.37876
8.83886 3.13176 1.37876
8.83886 3.14159 1.37876
9.26325 -2.84661 1.38368
9.26325 -2.83677 1.38368
9.26325 2.83677 1.38368
9.26325 2.84661 1.38368
9.01476 3.12193 1.38368
9.01476 3.13176 1.38368
9.01476 3.14159 1.38368
9.25083 -2.83677 1.3886
9.25083 -2.82694 1.3886
9.25082 2.82694 1.3886
9.25082 2.83677 1.3886
9.1982 3.12193 1.3886
9.1982 3.13176 1.3886
9.1982 3.14159 1.3886
9.24481 -2.82694 1.39353
9.24481 -2.81711 1.39353
9.24481 2.81711 1.39353
9.24481 2.82694 1.39353
9.23894 -2.81711 1.39845
9.23894 -2.80728 1.39845
9.23893 2.80728 1.39845
9.23893 2.81711 1.39845
9.22758 -2.80728 1.40338
9.22758 -2.79744 1.40338
9.22758 -2.78761 1.40338
9.22758 2.78761 1.40338
9.22758 2.79744 1.40338
9.22758 2.80728 1.40338
9.2221 -2.79744 1.4083
9.2221 -2.78761 1.4083
9.2221 -2.77778 1.4083
9.2221 2.77778 1.4083
9.2221 2.78761 1.4083
9.2221 2.79744 1.4083
9.21675 -2.78761 1.41322
9.21675 -2.77778 1.41322
9.21154 -2.76794 1.41322
9.21154 2.76794 1.41322
9.21675 2.77778 1.41322
9.21675 2.78761 1.41322
9.20646 -2.77778 1.41815
9.20646 -2.76794 1.41815
9.20646 -2.75811 1.41815
9.20646 2.75811 1.41815
9.20646 2.76794 1.41815
9.20646 2.77778 1.41815
9.20152 -2.75811 1.42307
9.20152 -2.74828 1.42307
9.20152 -2.73845 1.42307
9.20152 2.73845 1.42307
9.20152 2.74828 1.42307
9.20152 2.75811 1.42307
9.19204 -2.74828 1.428
9.19204 -2.73845 1.428
9.19204 -2.72861 1.428
9.19204 2.72861 1.428
9.19204 2.73845 1.428
9.19204 2.74828 1.428
9.18517 -2.84661 1.43292
9.18517 -2.83677 1.43292
9.18517 -2.82694 1.43292
9.18668 -2.81711 1.43292
9.18668 -2.80728 1.43292
9.18668 -2.79744 1.43292
9.18833 -2.78761 1.43292
9.18833 -2.77778 1.43292
9.18833 -2.76794 1.43292
9.18833 2.76794 1.43292
9.18833 2.77778 1.43292
9.18833 2.78761 1.43292
9.18668 2.79744 1.43292
9.18668 2.80728 1.43292
9.18668 2.81711 1.43292
9.18517 2.82694 1.43292
9.18517 2.83677 1.43292
9.18517 2.84661 1.43292
9.17897 -3.0236 1.43784
9.17897 -3.01377 1.43784
9.17897 -3.00393 1.43784
9.17966 -2.9941 1.43784
9.17966 -2.98427 1.43784
9.17966 -2.97443 1.43784
9.18049 -2.9646 1.43784
9.18049 -2.95477 1.43784
9.18049 -2.94494 1.43784
9.18145 -2.9351 1.43784
9.18145 -2.92527 1.43784
9.18145 -2.91544 1.43784
9.18256 -2.9056 1.43784
9.18256 -2.89577 1.43784
9.18256 -2.88594 1.43784
9.18256 -2.87611 1.43784
9.18255 2.87611 1.43784
9.18255 2.88594 1.43784
9.18255 2.89577 1.43784
9.18255 2.9056 1.43784
9.18145 2.91544 1.43784
9.18145 2.92527 1.43784
9.18145 2.9351 1.43784
9.18049 2.94494 1.43784
9.18049 2.95477 1.43784
9.18049 2.9646 1.43784
9.17966 2.97443 1.43784
9.17966 2.98427 1.43784
9.17966 2.9941 1.43784
9.17897 3.00393 1.43784
9.17897 3.01377 1.43784
9.17897 3.0236 1.43784
