8.27272 2.76794 0.162496
8.09938 2.76794 0.16742
8.06828 2.77778 0.16742
8.038 2.78761 0.16742
8.17984 2.79744 0.16742
8.1506 2.80728 0.16742
8.13159 2.81711 0.16742
8.14472 2.82694 0.16742
7.8834 2.74828 0.172344
7.85199 2.75811 0.172344
7.93348 2.76794 0.172344
7.90317 2.77778 0.172344
7.87367 2.78761 0.172344
7.84499 2.79744 0.172344
7.81713 2.80728 0.172344
7.89886 2.81711 0.172344
8.14974 2.82694 0.172344
7.88827 2.74828 0.177269
7.85689 2.75811 0.177269
7.82628 2.76794 0.177269
7.79645 2.77778 0.177269
7.76248 2.78761 0.177269
7.73423 2.79744 0.177269
7.7432 2.80728 0.177269
7.90389 2.81711 0.177269
8.1601 2.82694 0.177269
7.89831 2.74828 0.182193
7.86188 2.75811 0.182193
7.83129 2.76794 0.182193
7.80148 2.77778 0.182193
7.77247 2.78761 0.182193
7.74427 2.79744 0.182193
7.74821 2.80728 0.182193
7.90903 2.81711 0.182193
8.16544 2.82694 0.182193
7.90347 2.74828 0.187117
7.87215 2.75811 0.187117
7.8416 2.76794 0.187117
7.80661 2.77778 0.187117
7.77762 2.78761 0.187117
7.74943 2.79744 0.187117
7.75852 2.80728 0.187117
7.9196 2.81711 0.187117
8.17088 2.82694 0.187117
7.90873 2.74828 0.192041
7.87743 2.75811 0.192041
7.8469 2.76794 0.192041
7.81715 2.77778 0.192041
7.7882 2.78761 0.192041
7.75469 2.79744 0.192041
7.76382 2.80728 0.192041
7.92504 2.81711 0.192041
8.18209 2.82694 0.192041
7.91953 2.74828 0.196965
7.88827 2.75811 0.196965
7.85229 2.76794 0.196965
7.82257 2.77778 0.196965
7.79364 2.78761 0.196965
7.7655 2.79744 0.196965
7.77473 2.80728 0.196965
7.93058 2.81711 0.196965
8.18785 2.82694 0.196965
7.92508 2.74828 0.201889
7.89384 2.75811 0.201889
7.86337 2.76794 0.201889
7.83369 2.77778 0.201889
7.79917 2.78761 0.201889
7.77106 2.79744 0.201889
7.78033 2.80728 0.201889
7.94197 2.81711 0.201889
8.19968 2.82694 0.201889
7.93645 2.74828 0.206813
7.8995 2.75811 0.206813
7.86905 2.76794 0.206813
7.83939 2.77778 0.206813
7.81052 2.78761 0.206813
7.78245 2.79744 0.206813
7.78602 2.80728 0.206813
7.94781 2.81711 0.206813
8.20575 2.82694 0.206813
7.94228 2.74828 0.211737
7.91111 2.75811 0.211737
7.88071 2.76794 0.211737
7.84519 2.77778 0.211737
7.81635 2.78761 0.211737
7.7883 2.79744 0.211737
7.79771 2.80728 0.211737
7.95979 2.81711 0.211737
8.21193 2.82694 0.211737
7.95422 2.74828 0.216662
7.91705 2.75811 0.216662
7.88668 2.76794 0.216662
7.85708 2.77778 0.216662
7.82828 2.78761 0.216662
7.79424 2.79744 0.216662
7.8037 2.80728 0.216662
7.96593 2.81711 0.216662
8.22459 2.82694 0.216662
7.96033 2.74828 0.221586
7.92923 2.75811 0.221586
7.89274 2.76794 0.221586
7.86317 2.77778 0.221586
7.83439 2.78761 0.221586
7.8064 2.79744 0.221586
7.81596 2.80728 0.221586
7.97217 2.81711 0.221586
8.23107 2.82694 0.221586
7.96653 2.74828 0.22651
7.93546 2.75811 0.22651
7.90515 2.76794 0.22651
7.87563 2.77778 0.22651
7.84059 2.78761 0.22651
7.81263 2.79744 0.22651
7.82224 2.80728 0.22651
7.98495 2.81711 0.22651
7.97922 2.74828 0.231434
7.9482 2.75811 0.231434
7.9115 2.76794 0.231434
7.882 2.77778 0.231434
7.85329 2.78761 0.231434
7.82537 2.79744 0.231434
7.82862 2.80728 0.231434
7.99149 2.81711 0.231434
7.88846 2.77778 0.236358
7.85977 2.78761 0.236358
7.83188 2.79744 0.236358
7.84165 2.80728 0.236358
3.10388 -1.44051 0.275751
3.08053 -1.59784 0.280675
3.08005 -1.588 0.280675
3.07966 -1.57817 0.280675
3.07962 -1.56834 0.280675
3.07988 -1.55851 0.280675
3.08027 -1.54867 0.280675
3.08118 -1.53884 0.280675
3.08201 -1.52901 0.280675
3.08357 -1.51917 0.280675
3.08482 -1.50934 0.280675
3.08703 -1.49951 0.280675
3.05043 -1.48968 0.280675
3.05325 -1.47984 0.280675
3.05533 -1.47001 0.280675
3.05878 -1.46018 0.280675
3.06129 -1.45034 0.280675
3.06537 -1.44051 0.280675
3.00524 -1.59784 0.285599
3.00477 -1.588 0.285599
3.00439 -1.57817 0.285599
3.00435 -1.56834 0.285599
3.0046 -1.55851 0.285599
3.00498 -1.54867 0.285599
3.00587 -1.53884 0.285599
3.00667 -1.52901 0.285599
3.00819 -1.51917 0.285599
3.00941 -1.50934 0.285599
3.01155 -1.49951 0.285599
3.0132 -1.48968 0.285599
3.01597 -1.47984 0.285599
3.01803 -1.47001 0.285599
3.02143 -1.46018 0.285599
3.0239 -1.45034 0.285599
3.02792 -1.44051 0.285599
3.03231 -1.43068 0.285599
2.96912 -1.59784 0.290523
2.96867 -1.588 0.290523
2.96829 -1.57817 0.290523
2.96825 -1.56834 0.290523
2.9685 -1.55851 0.290523
2.96887 -1.54867 0.290523
2.96975 -1.53884 0.290523
2.97054 -1.52901 0.290523
2.97203 -1.51917 0.290523
2.97324 -1.50934 0.290523
2.97535 -1.49951 0.290523
2.97697 -1.48968 0.290523
2.9797 -1.47984 0.290523
2.98173 -1.47001 0.290523
2.94972 -1.46018 0.290523
2.95212 -1.45034 0.290523
2.95603 -1.44051 0.290523
2.9603 -1.43068 0.290523
2.93398 -1.59784 0.295448
2.93353 -1.588 0.295448
2.93316 -1.57817 0.295448
2.93312 -1.56834 0.295448
2.93336 -1.55851 0.295448
2.93373 -1.54867 0.295448
2.93459 -1.53884 0.295448
2.93537 -1.52901 0.295448
2.9026 -1.51917 0.295448
2.90377 -1.50934 0.295448
2.90583 -1.49951 0.295448
2.9074 -1.48968 0.295448
2.91006 -1.47984 0.295448
2.91203 -1.47001 0.295448
2.91529 -1.46018 0.295448
2.91766 -1.45034 0.295448
2.92151 -1.44051 0.295448
2.92572 -1.43068 0.295448
2.86645 -1.59784 0.300372
2.86602 -1.588 0.300372
2.86566 -1.57817 0.300372
2.86562 -1.56834 0.300372
2.86586 -1.55851 0.300372
2.86621 -1.54867 0.300372
2.86705 -1.53884 0.300372
2.86781 -1.52901 0.300372
2.86924 -1.51917 0.300372
2.8704 -1.50934 0.300372
2.87243 -1.49951 0.300372
2.87398 -1.48968 0.300372
2.8766 -1.47984 0.300372
2.87855 -1.47001 0.300372
2.88176 -1.46018 0.300372
2.8841 -1.45034 0.300372
2.8879 -1.44051 0.300372
2.85926 -1.43068 0.300372
2.86218 -1.42085 0.300372
2.834 -1.59784 0.305296
2.83357 -1.588 0.305296
2.83322 -1.57817 0.305296
2.83318 -1.56834 0.305296
2.83341 -1.55851 0.305296
2.83377 -1.54867 0.305296
2.83459 -1.53884 0.305296
2.83534 -1.52901 0.305296
2.83675 -1.51917 0.305296
2.83789 -1.50934 0.305296
2.8399 -1.49951 0.305296
2.84143 -1.48968 0.305296
2.81226 -1.47984 0.305296
2.81416 -1.47001 0.305296
2.81728 -1.46018 0.305296
2.81956 -1.45034 0.305296
2.82326 -1.44051 0.305296
2.8273 -1.43068 0.305296
2.83018 -1.42085 0.305296
2.77156 -1.59784 0.31022
2.77114 -1.588 0.31022
2.7708 -1.57817 0.31022
2.77076 -1.56834 0.31022
2.77099 -1.55851 0.31022
2.77133 -1.54867 0.31022
2.77214 -1.53884 0.31022
2.77287 -1.52901 0.31022
2.77424 -1.51917 0.31022
2.77535 -1.50934 0.31022
2.7773 -1.49951 0.31022
2.77879 -1.48968 0.31022
2.78131 -1.47984 0.31022
2.78318 -1.47001 0.31022
2.78627 -1.46018 0.31022
2.78851 -1.45034 0.31022
2.79217 -1.44051 0.31022
2.79615 -1.43068 0.31022
2.799 -1.42085 0.31022
2.74152 -1.59784 0.315144
2.7411 -1.588 0.315144
2.74076 -1.57817 0.315144
2.74073 -1.56834 0.315144
2.74095 -1.55851 0.315144
2.74129 -1.54867 0.315144
2.74209 -1.53884 0.315144
2.7428 -1.52901 0.315144
2.74416 -1.51917 0.315144
2.74526 -1.50934 0.315144
2.74718 -1.49951 0.315144
2.74865 -1.48968 0.315144
2.75114 -1.47984 0.315144
2.75298 -1.47001 0.315144
2.75603 -1.46018 0.315144
2.72873 -1.45034 0.315144
2.73228 -1.44051 0.315144
2.73617 -1.43068 0.315144
2.73894 -1.42085 0.315144
2.71222 -1.59784 0.320068
2.71181 -1.588 0.320068
2.71147 -1.57817 0.320068
2.71143 -1.56834 0.320068
2.71166 -1.55851 0.320068
2.71199 -1.54867 0.320068
2.71278 -1.53884 0.320068
2.71349 -1.52901 0.320068
2.71483 -1.51917 0.320068
2.68728 -1.50934 0.320068
2.68915 -1.49951 0.320068
2.69058 -1.48968 0.320068
2.69301 -1.47984 0.320068
2.6948 -1.47001 0.320068
2.69777 -1.46018 0.320068
2.69993 -1.45034 0.320068
2.70344 -1.44051 0.320068
2.70728 -1.43068 0.320068
2.71001 -1.42085 0.320068
2.71439 -1.41101 0.320068
2.65574 -1.59784 0.324992
2.65534 -1.588 0.324992
2.65502 -1.57817 0.324992
2.65498 -1.56834 0.324992
2.6552 -1.55851 0.324992
2.65553 -1.54867 0.324992
2.65629 -1.53884 0.324992
2.65698 -1.52901 0.324992
2.65829 -1.51917 0.324992
2.65934 -1.50934 0.324992
2.66119 -1.49951 0.324992
2.66261 -1.48968 0.324992
2.665 -1.47984 0.324992
2.66677 -1.47001 0.324992
2.6697 -1.46018 0.324992
2.67184 -1.45034 0.324992
2.6753 -1.44051 0.324992
2.65584 -1.43068 0.324992
2.65851 -1.42085 0.324992
2.66278 -1.41101 0.324992
2.63276 -1.59784 0.329916
2.63236 -1.588 0.329916
2.63204 -1.57817 0.329916
2.632 -1.56834 0.329916
2.63222 -1.55851 0.329916
2.63254 -1.54867 0.329916
2.63329 -1.53884 0.329916
2.63398 -1.52901 0.329916
2.63527 -1.51917 0.329916
2.63631 -1.50934 0.329916
2.63814 -1.49951 0.329916
2.63954 -1.48968 0.329916
2.64506 -1.47984 0.329916
2.64681 -1.47001 0.329916
2.64971 -1.46018 0.329916
2.65181 -1.45034 0.329916
2.65524 -1.44051 0.329916
2.65898 -1.43068 0.329916
2.66165 -1.42085 0.329916
2.66591 -1.41101 0.329916
2.63911 -1.59784 0.334841
2.63872 -1.588 0.334841
2.63839 -1.57817 0.334841
2.63836 -1.56834 0.334841
2.63857 -1.55851 0.334841
2.6389 -1.54867 0.334841
2.63965 -1.53884 0.334841
2.64033 -1.52901 0.334841
2.64162 -1.51917 0.334841
2.64266 -1.50934 0.334841
2.64449 -1.49951 0.334841
2.64588 -1.48968 0.334841
2.64824 -1.47984 0.334841
2.64999 -1.47001 0.334841
2.65288 -1.46018 0.334841
2.65499 -1.45034 0.334841
2.65841 -1.44051 0.334841
2.66214 -1.43068 0.334841
2.668 -1.42085 0.334841
2.67226 -1.41101 0.334841
2.64234 -1.59784 0.339765
2.64194 -1.588 0.339765
2.64162 -1.57817 0.339765
2.64159 -1.56834 0.339765
2.6418 -1.55851 0.339765
2.64212 -1.54867 0.339765
2.64287 -1.53884 0.339765
2.64356 -1.52901 0.339765
2.64484 -1.51917 0.339765
2.64588 -1.50934 0.339765
2.64771 -1.49951 0.339765
2.6491 -1.48968 0.339765
2.65146 -1.47984 0.339765
2.65321 -1.47001 0.339765
2.65933 -1.46018 0.339765
2.66143 -1.45034 0.339765
2.66484 -1.44051 0.339765
2.66857 -1.43068 0.339765
2.67123 -1.42085 0.339765
2.67548 -1.41101 0.339765
2.6456 -1.59784 0.344689
2.6452 -1.588 0.344689
2.64488 -1.57817 0.344689
2.64484 -1.56834 0.344689
2.64506 -1.55851 0.344689
2.64538 -1.54867 0.344689
2.64613 -1.53884 0.344689
2.64681 -1.52901 0.344689
2.65139 -1.51917 0.344689
2.65242 -1.50934 0.344689
2.65424 -1.49951 0.344689
2.65563 -1.48968 0.344689
2.65798 -1.47984 0.344689
2.65973 -1.47001 0.344689
2.66261 -1.46018 0.344689
2.6647 -1.45034 0.344689
2.66811 -1.44051 0.344689
2.67183 -1.43068 0.344689
2.67449 -1.42085 0.344689
2.68202 -1.41101 0.344689
2.65221 -1.59784 0.349613
2.65181 -1.588 0.349613
2.65149 -1.57817 0.349613
2.65146 -1.56834 0.349613
2.65167 -1.55851 0.349613
2.65199 -1.54867 0.349613
2.65274 -1.53884 0.349613
2.65342 -1.52901 0.349613
2.6547 -1.51917 0.349613
2.65574 -1.50934 0.349613
2.65755 -1.49951 0.349613
2.65894 -1.48968 0.349613
2.66129 -1.47984 0.349613
2.66303 -1.47001 0.349613
2.66591 -1.46018 0.349613
2.67134 -1.45034 0.349613
2.67474 -1.44051 0.349613
2.67845 -1.43068 0.349613
2.6811 -1.42085 0.349613
2.68533 -1.41101 0.349613
2.65556 -1.59784 0.354537
2.65517 -1.588 0.354537
2.65485 -1.57817 0.354537
2.65481 -1.56834 0.354537
2.65503 -1.55851 0.354537
2.65535 -1.54867 0.354537
2.65609 -1.53884 0.354537
2.65677 -1.52901 0.354537
2.65805 -1.51917 0.354537
2.65909 -1.50934 0.354537
2.66428 -1.49951 0.354537
2.66566 -1.48968 0.354537
2.66801 -1.47984 0.354537
2.66974 -1.47001 0.354537
2.67261 -1.46018 0.354537
2.6747 -1.45034 0.354537
2.6781 -1.44051 0.354537
2.68181 -1.43068 0.354537
2.68445 -1.42085 0.354537
2.68868 -1.41101 0.354537
2.66236 -1.59784 0.359461
2.66197 -1.588 0.359461
2.66165 -1.57817 0.359461
2.66161 -1.56834 0.359461
2.66183 -1.55851 0.359461
2.66215 -1.54867 0.359461
2.66289 -1.53884 0.359461
2.66357 -1.52901 0.359461
2.66485 -1.51917 0.359461
2.66588 -1.50934 0.359461
2.66769 -1.49951 0.359461
2.66907 -1.48968 0.359461
2.67141 -1.47984 0.359461
2.67315 -1.47001 0.359461
2.67601 -1.46018 0.359461
2.6781 -1.45034 0.359461
2.68491 -1.44051 0.359461
2.68861 -1.43068 0.359461
2.69125 -1.42085 0.359461
2.69547 -1.41101 0.359461
2.66581 -1.59784 0.364385
2.66542 -1.588 0.364385
2.6651 -1.57817 0.364385
2.66506 -1.56834 0.364385
2.66527 -1.55851 0.364385
2.66559 -1.54867 0.364385
2.66634 -1.53884 0.364385
2.66701 -1.52901 0.364385
2.66829 -1.51917 0.364385
2.66932 -1.50934 0.364385
2.67113 -1.49951 0.364385
2.67251 -1.48968 0.364385
2.67831 -1.47984 0.364385
2.68004 -1.47001 0.364385
2.6829 -1.46018 0.364385
2.68498 -1.45034 0.364385
2.68836 -1.44051 0.364385
2.69206 -1.43068 0.364385
2.69469 -1.42085 0.364385
2.6989 -1.41101 0.364385
2.67279 -1.59784 0.369309
2.6724 -1.588 0.369309
2.67208 -1.57817 0.369309
2.67205 -1.56834 0.369309
2.67226 -1.55851 0.369309
2.67258 -1.54867 0.369309
2.67332 -1.53884 0.369309
2.674 -1.52901 0.369309
2.67527 -1.51917 0.369309
2.6763 -1.50934 0.369309
2.6781 -1.49951 0.369309
2.67948 -1.48968 0.369309
2.68181 -1.47984 0.369309
2.68354 -1.47001 0.369309
2.68639 -1.46018 0.369309
2.68847 -1.45034 0.369309
2.69185 -1.44051 0.369309
2.69905 -1.43068 0.369309
2.70167 -1.42085 0.369309
2.70588 -1.41101 0.369309
2.67633 -1.59784 0.374234
2.67594 -1.588 0.374234
2.67562 -1.57817 0.374234
2.67559 -1.56834 0.374234
2.6758 -1.55851 0.374234
2.67612 -1.54867 0.374234
2.67686 -1.53884 0.374234
2.67753 -1.52901 0.374234
2.67881 -1.51917 0.374234
2.67983 -1.50934 0.374234
2.68163 -1.49951 0.374234
2.68301 -1.48968 0.374234
2.68533 -1.47984 0.374234
2.69062 -1.47001 0.374234
2.69346 -1.46018 0.374234
2.69554 -1.45034 0.374234
2.69891 -1.44051 0.374234
2.70259 -1.43068 0.374234
2.70521 -1.42085 0.374234
2.70941 -1.41101 0.374234
2.6835 -1.59784 0.379158
2.68311 -1.588 0.379158
2.6828 -1.57817 0.379158
2.68276 -1.56834 0.379158
2.68297 -1.55851 0.379158
2.68329 -1.54867 0.379158
2.68403 -1.53884 0.379158
2.6847 -1.52901 0.379158
2.68597 -1.51917 0.379158
2.68699 -1.50934 0.379158
2.68879 -1.49951 0.379158
2.69016 -1.48968 0.379158
2.69248 -1.47984 0.379158
2.6942 -1.47001 0.379158
2.69705 -1.46018 0.379158
2.69912 -1.45034 0.379158
2.70248 -1.44051 0.379158
2.70976 -1.43068 0.379158
2.71237 -1.42085 0.379158
2.71656 -1.41101 0.379158
2.68713 -1.59784 0.384082
2.68674 -1.588 0.384082
2.68643 -1.57817 0.384082
2.68639 -1.56834 0.384082
2.6866 -1.55851 0.384082
2.68692 -1.54867 0.384082
2.68766 -1.53884 0.384082
2.68833 -1.52901 0.384082
2.6896 -1.51917 0.384082
2.69062 -1.50934 0.384082
2.69241 -1.49951 0.384082
2.69378 -1.48968 0.384082
2.6961 -1.47984 0.384082
2.69782 -1.47001 0.384082
2.7043 -1.46018 0.384082
2.70637 -1.45034 0.384082
2.70972 -1.44051 0.384082
2.71339 -1.43068 0.384082
2.716 -1.42085 0.384082
2.72018 -1.41101 0.384082
2.69079 -1.59784 0.389006
2.69041 -1.588 0.389006
2.69009 -1.57817 0.389006
2.69005 -1.56834 0.389006
2.69027 -1.55851 0.389006
2.69058 -1.54867 0.389006
2.69132 -1.53884 0.389006
2.69568 -1.52901 0.389006
2.69694 -1.51917 0.389006
2.69796 -1.50934 0.389006
2.69975 -1.49951 0.389006
2.70112 -1.48968 0.389006
2.70343 -1.47984 0.389006
2.70514 -1.47001 0.389006
2.70798 -1.46018 0.389006
2.71004 -1.45034 0.389006
2.71339 -1.44051 0.389006
2.71705 -1.43068 0.389006
2.72335 -1.42085 0.389006
2.72751 -1.41101 0.389006
2.69821 -1.59784 0.39393
2.69782 -1.588 0.39393
2.6975 -1.57817 0.39393
2.69747 -1.56834 0.39393
2.69768 -1.55851 0.39393
2.698 -1.54867 0.39393
2.69873 -1.53884 0.39393
2.6994 -1.52901 0.39393
2.70066 -1.51917 0.39393
2.70168 -1.50934 0.39393
2.70346 -1.49951 0.39393
2.70483 -1.48968 0.39393
2.70714 -1.47984 0.39393
2.70885 -1.47001 0.39393
2.71541 -1.46018 0.39393
2.71747 -1.45034 0.39393
2.72081 -1.44051 0.39393
2.72446 -1.43068 0.39393
2.72706 -1.42085 0.39393
2.73122 -1.41101 0.39393
2.70196 -1.59784 0.398854
2.70157 -1.588 0.398854
2.70126 -1.57817 0.398854
2.70122 -1.56834 0.398854
2.70143 -1.55851 0.398854
2.70175 -1.54867 0.398854
2.70248 -1.53884 0.398854
2.70315 -1.52901 0.398854
2.70819 -1.51917 0.398854
2.7092 -1.50934 0.398854
2.71098 -1.49951 0.398854
2.71234 -1.48968 0.398854
2.71464 -1.47984 0.398854
2.71635 -1.47001 0.398854
2.71917 -1.46018 0.398854
2.72123 -1.45034 0.398854
2.72456 -1.44051 0.398854
2.72821 -1.43068 0.398854
2.73458 -1.42085 0.398854
2.73873 -1.41101 0.398854
2.70955 -1.59784 0.403778
2.70916 -1.588 0.403778
2.70885 -1.57817 0.403778
2.70882 -1.56834 0.403778
2.70902 -1.55851 0.403778
2.70934 -1.54867 0.403778
2.71007 -1.53884 0.403778
2.71074 -1.52901 0.403778
2.71199 -1.51917 0.403778
2.71301 -1.50934 0.403778
2.71478 -1.49951 0.403778
2.71614 -1.48968 0.403778
2.71844 -1.47984 0.403778
2.72015 -1.47001 0.403778
2.72679 -1.46018 0.403778
2.72883 -1.45034 0.403778
2.73216 -1.44051 0.403778
2.7358 -1.43068 0.403778
2.73839 -1.42085 0.403778
2.74253 -1.41101 0.403778
2.71339 -1.59784 0.408702
2.713 -1.588 0.408702
2.71269 -1.57817 0.408702
2.71266 -1.56834 0.408702
2.71287 -1.55851 0.408702
2.71318 -1.54867 0.408702
2.71391 -1.53884 0.408702
2.71457 -1.52901 0.408702
2.7197 -1.51917 0.408702
2.7207 -1.50934 0.408702
2.72248 -1.49951 0.408702
2.72383 -1.48968 0.408702
2.72613 -1.47984 0.408702
2.72783 -1.47001 0.408702
2.73064 -1.46018 0.408702
2.73268 -1.45034 0.408702
2.736 -1.44051 0.408702
2.73963 -1.43068 0.408702
2.74609 -1.42085 0.408702
2.75022 -1.41101 0.408702
2.72116 -1.59784 0.413627
2.72077 -1.588 0.413627
2.72046 -1.57817 0.413627
2.72043 -1.56834 0.413627
2.72064 -1.55851 0.413627
2.72095 -1.54867 0.413627
2.72168 -1.53884 0.413627
2.72234 -1.52901 0.413627
2.72359 -1.51917 0.413627
2.7246 -1.50934 0.413627
2.72637 -1.49951 0.413627
2.72772 -1.48968 0.413627
2.73001 -1.47984 0.413627
2.73171 -1.47001 0.413627
2.73843 -1.46018 0.413627
2.74046 -1.45034 0.413627
2.74378 -1.44051 0.413627
2.7474 -1.43068 0.413627
2.74998 -1.42085 0.413627
2.75411 -1.41101 0.413627
2.72509 -1.59784 0.418551
2.7247 -1.588 0.418551
2.72439 -1.57817 0.418551
2.72436 -1.56834 0.418551
2.72456 -1.55851 0.418551
2.72488 -1.54867 0.418551
2.72561 -1.53884 0.418551
2.72627 -1.52901 0.418551
2.73147 -1.51917 0.418551
2.73247 -1.50934 0.418551
2.73424 -1.49951 0.418551
2.73559 -1.48968 0.418551
2.73787 -1.47984 0.418551
2.73957 -1.47001 0.418551
2.74236 -1.46018 0.418551
2.7444 -1.45034 0.418551
2.74771 -1.44051 0.418551
2.75528 -1.43068 0.418551
2.75785 -1.42085 0.418551
2.76197 -1.41101 0.418551
2.73303 -1.59784 0.423475
2.73265 -1.588 0.423475
2.73234 -1.57817 0.423475
2.7323 -1.56834 0.423475
2.73251 -1.55851 0.423475
2.73282 -1.54867 0.423475
2.73355 -1.53884 0.423475
2.73421 -1.52901 0.423475
2.73545 -1.51917 0.423475
2.73646 -1.50934 0.423475
2.73822 -1.49951 0.423475
2.73957 -1.48968 0.423475
2.74185 -1.47984 0.423475
2.74354 -1.47001 0.423475
2.75032 -1.46018 0.423475
2.75235 -1.45034 0.423475
2.75565 -1.44051 0.423475
2.75926 -1.43068 0.423475
2.76183 -1.42085 0.423475
2.76594 -1.41101 0.423475
2.73704 -1.59784 0.428399
2.73666 -1.588 0.428399
2.73635 -1.57817 0.428399
2.73632 -1.56834 0.428399
2.73652 -1.55851 0.428399
2.73684 -1.54867 0.428399
2.73756 -1.53884 0.428399
2.74226 -1.52901 0.428399
2.7435 -1.51917 0.428399
2.7445 -1.50934 0.428399
2.74626 -1.49951 0.428399
2.74761 -1.48968 0.428399
2.74988 -1.47984 0.428399
2.75156 -1.47001 0.428399
2.75435 -1.46018 0.428399
2.75638 -1.45034 0.428399
2.75967 -1.44051 0.428399
2.76731 -1.43068 0.428399
2.76987 -1.42085 0.428399
2.77397 -1.41101 0.428399
2.74516 -1.59784 0.433323
2.74478 -1.588 0.433323
2.74447 -1.57817 0.433323
2.74443 -1.56834 0.433323
2.74464 -1.55851 0.433323
2.74495 -1.54867 0.433323
2.74568 -1.53884 0.433323
2.74633 -1.52901 0.433323
2.74757 -1.51917 0.433323
2.74857 -1.50934 0.433323
2.75032 -1.49951 0.433323
2.75167 -1.48968 0.433323
2.75394 -1.47984 0.433323
2.75971 -1.47001 0.433323
2.76248 -1.46018 0.433323
2.7645 -1.45034 0.433323
2.76779 -1.44051 0.433323
2.77138 -1.43068 0.433323
2.77394 -1.42085 0.433323
2.77803 -1.41101 0.433323
2.75339 -1.59784 0.438247
2.74888 -1.588 0.438247
2.74857 -1.57817 0.438247
2.74854 -1.56834 0.438247
2.74874 -1.55851 0.438247
2.75318 -1.54867 0.438247
2.7539 -1.53884 0.438247
2.75456 -1.52901 0.438247
2.75579 -1.51917 0.438247
2.75679 -1.50934 0.438247
2.75854 -1.49951 0.438247
2.75988 -1.48968 0.438247
2.76214 -1.47984 0.438247
2.76382 -1.47001 0.438247
2.76659 -1.46018 0.438247
2.76861 -1.45034 0.438247
2.77189 -1.44051 0.438247
2.7796 -1.43068 0.438247
2.78215 -1.42085 0.438247
2.78623 -1.41101 0.438247
2.75754 -1.59784 0.443171
2.75717 -1.588 0.443171
2.75686 -1.57817 0.443171
2.75682 -1.56834 0.443171
2.75703 -1.55851 0.443171
2.75734 -1.54867 0.443171
2.75806 -1.53884 0.443171
2.75871 -1.52901 0.443171
2.75995 -1.51917 0.443171
2.76094 -1.50934 0.443171
2.76269 -1.49951 0.443171
2.76402 -1.48968 0.443171
2.77045 -1.47984 0.443171
2.77213 -1.47001 0.443171
2.77489 -1.46018 0.443171
2.7769 -1.45034 0.443171
2.78017 -1.44051 0.443171
2.78375 -1.43068 0.443171
2.7863 -1.42085 0.443171
2.79454 -1.41101 0.443171
2.76594 -1.59784 0.448096
2.76556 -1.588 0.448096
2.76526 -1.57817 0.448096
2.76522 -1.56834 0.448096
2.76543 -1.55851 0.448096
2.76574 -1.54867 0.448096
2.76645 -1.53884 0.448096
2.7671 -1.52901 0.448096
2.76834 -1.51917 0.448096
2.76933 -1.50934 0.448096
2.77107 -1.49951 0.448096
2.7724 -1.48968 0.448096
2.77465 -1.47984 0.448096
2.77632 -1.47001 0.448096
2.77908 -1.46018 0.448096
2.78109 -1.45034 0.448096
2.78857 -1.44051 0.448096
2.79213 -1.43068 0.448096
2.79467 -1.42085 0.448096
2.79874 -1.41101 0.448096
2.77018 -1.59784 0.45302
2.76981 -1.588 0.45302
2.7695 -1.57817 0.45302
2.76946 -1.56834 0.45302
2.76967 -1.55851 0.45302
2.76998 -1.54867 0.45302
2.77069 -1.53884 0.45302
2.77134 -1.52901 0.45302
2.77257 -1.51917 0.45302
2.77356 -1.50934 0.45302
2.7753 -1.49951 0.45302
2.78089 -1.48968 0.45302
2.78314 -1.47984 0.45302
2.7848 -1.47001 0.45302
2.78755 -1.46018 0.45302
2.78956 -1.45034 0.45302
2.79281 -1.44051 0.45302
2.79637 -1.43068 0.45302
2.80316 -1.42085 0.45302
2.80721 -1.41101 0.45302
2.77874 -1.59784 0.457944
2.77837 -1.588 0.457944
2.77806 -1.57817 0.457944
2.77803 -1.56834 0.457944
2.77823 -1.55851 0.457944
2.77854 -1.54867 0.457944
2.77926 -1.53884 0.457944
2.7799 -1.52901 0.457944
2.78113 -1.51917 0.457944
2.78212 -1.50934 0.457944
2.78385 -1.49951 0.457944
2.78518 -1.48968 0.457944
2.78742 -1.47984 0.457944
2.78908 -1.47001 0.457944
2.79183 -1.46018 0.457944
2.79813 -1.45034 0.457944
2.80137 -1.44051 0.457944
2.80492 -1.43068 0.457944
2.80745 -1.42085 0.457944
2.81149 -1.41101 0.457944
2.78307 -1.59784 0.462868
2.78269 -1.588 0.462868
2.78239 -1.57817 0.462868
2.78235 -1.56834 0.462868
2.78256 -1.55851 0.462868
2.78286 -1.54867 0.462868
2.78358 -1.53884 0.462868
2.78422 -1.52901 0.462868
2.78545 -1.51917 0.462868
2.78643 -1.50934 0.462868
2.79251 -1.49951 0.462868
2.79383 -1.48968 0.462868
2.79606 -1.47984 0.462868
2.79772 -1.47001 0.462868
2.80046 -1.46018 0.462868
2.80245 -1.45034 0.462868
2.8057 -1.44051 0.462868
2.81358 -1.43068 0.462868
2.8161 -1.42085 0.462868
2.82013 -1.41101 0.462868
2.7918 -1.59784 0.467792
2.79142 -1.588 0.467792
2.79112 -1.57817 0.467792
2.79108 -1.56834 0.467792
2.79129 -1.55851 0.467792
2.79159 -1.54867 0.467792
2.7923 -1.53884 0.467792
2.79295 -1.52901 0.467792
2.79417 -1.51917 0.467792
2.79515 -1.50934 0.467792
2.79688 -1.49951 0.467792
2.7982 -1.48968 0.467792
2.80043 -1.47984 0.467792
2.80208 -1.47001 0.467792
2.8092 -1.46018 0.467792
2.81119 -1.45034 0.467792
2.81442 -1.44051 0.467792
2.81795 -1.43068 0.467792
2.82047 -1.42085 0.467792
2.82449 -1.41101 0.467792
2.7962 -1.59784 0.472716
2.79583 -1.588 0.472716
2.79552 -1.57817 0.472716
2.79549 -1.56834 0.472716
2.79569 -1.55851 0.472716
2.796 -1.54867 0.472716
2.79671 -1.53884 0.472716
2.80178 -1.52901 0.472716
2.803 -1.51917 0.472716
2.80397 -1.50934 0.472716
2.8057 -1.49951 0.472716
2.80701 -1.48968 0.472716
2.80924 -1.47984 0.472716
2.81089 -1.47001 0.472716
2.81361 -1.46018 0.472716
2.8156 -1.45034 0.472716
2.82325 -1.44051 0.472716
2.82677 -1.43068 0.472716
2.82928 -1.42085 0.472716
2.83329 -1.41101 0.472716
2.80509 -1.59784 0.47764
2.80472 -1.588 0.47764
2.80441 -1.57817 0.47764
2.80438 -1.56834 0.47764
2.80458 -1.55851 0.47764
2.80489 -1.54867 0.47764
2.80559 -1.53884 0.47764
2.80624 -1.52901 0.47764
2.80745 -1.51917 0.47764
2.80843 -1.50934 0.47764
2.81015 -1.49951 0.47764
2.81146 -1.48968 0.47764
2.81815 -1.47984 0.47764
2.8198 -1.47001 0.47764
2.82251 -1.46018 0.47764
2.82449 -1.45034 0.47764
2.82771 -1.44051 0.47764
2.83122 -1.43068 0.47764
2.8382 -1.42085 0.47764
2.8422 -1.41101 0.47764
2.81408 -1.59784 0.482564
2.81371 -1.588 0.482564
2.81341 -1.57817 0.482564
2.81338 -1.56834 0.482564
2.81358 -1.55851 0.482564
2.81388 -1.54867 0.482564
2.81459 -1.53884 0.482564
2.81523 -1.52901 0.482564
2.81644 -1.51917 0.482564
2.81741 -1.50934 0.482564
2.81913 -1.49951 0.482564
2.82043 -1.48968 0.482564
2.82265 -1.47984 0.482564
2.82429 -1.47001 0.482564
2.827 -1.46018 0.482564
2.83349 -1.45034 0.482564
2.8367 -1.44051 0.482564
2.8402 -1.43068 0.482564
2.8427 -1.42085 0.482564
2.84669 -1.41101 0.482564
2.81862 -1.59784 0.487489
2.81825 -1.588 0.487489
2.81795 -1.57817 0.487489
2.81792 -1.56834 0.487489
2.81812 -1.55851 0.487489
2.81842 -1.54867 0.487489
2.81913 -1.53884 0.487489
2.81976 -1.52901 0.487489
2.82097 -1.51917 0.487489
2.82194 -1.50934 0.487489
2.82821 -1.49951 0.487489
2.82951 -1.48968 0.487489
2.83172 -1.47984 0.487489
2.83336 -1.47001 0.487489
2.83606 -1.46018 0.487489
2.83803 -1.45034 0.487489
2.84123 -1.44051 0.487489
2.84928 -1.43068 0.487489
2.85177 -1.42085 0.487489
2.85575 -1.41101 0.487489
2.82777 -1.59784 0.492413
2.82741 -1.588 0.492413
2.82711 -1.57817 0.492413
2.82707 -1.56834 0.492413
2.82727 -1.55851 0.492413
2.82757 -1.54867 0.492413
2.82828 -1.53884 0.492413
2.82891 -1.52901 0.492413
2.83012 -1.51917 0.492413
2.83109 -1.50934 0.492413
2.83279 -1.49951 0.492413
2.83409 -1.48968 0.492413
2.8363 -1.47984 0.492413
2.84253 -1.47001 0.492413
2.84523 -1.46018 0.492413
2.84719 -1.45034 0.492413
2.85038 -1.44051 0.492413
2.85386 -1.43068 0.492413
2.85635 -1.42085 0.492413
2.83202 -1.588 0.497337
2.83172 -1.57817 0.497337
2.83169 -1.56834 0.497337
2.83189 -1.55851 0.497337
9.99808 -3.14159 1.1424
9.9982 -3.13176 1.1424
9.99846 -3.12193 1.1424
9.99883 -3.11209 1.1424
9.99934 -3.10226 1.1424
9.99997 -3.09243 1.1424
9.99667 -3.01377 1.1424
9.99671 3.01377 1.1424
9.99999 3.09243 1.1424
9.99935 3.10226 1.1424
9.99885 3.11209 1.1424
9.99847 3.12193 1.1424
9.99821 3.13176 1.1424
9.99808 3.14159 1.1424
9.98212 -3.01377 1.14732
9.98217 3.01377 1.14732
9.95334 -3.01377 1.15225
9.95339 3.01377 1.15225
9.93911 -3.01377 1.15717
9.93916 3.01377 1.15717
9.91097 -3.01377 1.16209
9.91102 3.01377 1.16209
9.36992 -3.14159 1.17194
9.86958 -3.00393 1.17194
9.86962 3.00393 1.17194
9.44477 -3.14159 1.17687
9.856 -3.00393 1.17687
9.85604 3.00393 1.17687
9.59906 -3.14159 1.18179
9.82916 -3.00393 1.18179
9.82921 3.00393 1.18179
9.67861 -3.14159 1.18671
9.81591 -3.00393 1.18671
9.81596 3.00393 1.18671
9.78974 -2.9941 1.19164
9.78979 2.9941 1.19164
9.77683 -2.9941 1.19656
9.77687 2.9941 1.19656
9.76402 -2.9941 1.20149
9.76407 2.9941 1.20149
9.73875 -2.9941 1.20641
9.7388 2.9941 1.20641
9.72629 -2.9941 1.21134
9.72633 2.9941 1.21134
9.7017 -2.98427 1.21626
9.70175 2.98427 1.21626
9.68958 -2.98427 1.22118
9.68963 2.98427 1.22118
9.66568 -2.98427 1.22611
9.66573 2.98427 1.22611
9.65391 -2.98427 1.23103
9.65396 2.98427 1.23103
9.62888 -2.98427 1.23596
9.62892 2.98427 1.23596
9.61695 -3.14159 1.24088
9.61695 -3.13176 1.24088
9.61708 -3.12193 1.24088
9.61734 -3.11209 1.24088
9.61773 -3.10226 1.24088
9.61826 -3.09243 1.24088
9.61891 -3.0826 1.24088
9.6197 -3.07276 1.24088
9.6197 -3.06293 1.24088
9.62062 -3.0531 1.24088
9.62167 -3.04326 1.24088
9.62285 -3.03343 1.24088
9.62416 -3.0236 1.24088
9.62419 3.0236 1.24088
9.62288 3.03343 1.24088
9.6217 3.04326 1.24088
9.62064 3.0531 1.24088
9.61972 3.06293 1.24088
9.61972 3.07276 1.24088
9.61893 3.0826 1.24088
9.61827 3.09243 1.24088
9.61775 3.10226 1.24088
9.61735 3.11209 1.24088
9.61709 3.12193 1.24088
9.61695 3.13176 1.24088
9.61695 3.14159 1.24088